1.434733704
1.394733738
1.444733808
1.444733785
1.404733854
1.370000000
1.434733981
1.414733900
1.434733843
1.434733877
1.404733854
1.384733877
1.434733935
1.444733924
1.434734120
1.454734178
1.404734225
1.384734259
1.424734317
1.424734329
1.424734375
1.464734444
1.424734549
1.434734641
1.394734711
1.424734896
1.444734919
1.404734988
1.464735058
1.434735116
1.464735301
1.414735613
1.444735660
1.404735706
1.434735660
1.404735602
1.414735532
1.424735417
1.484735289
1.424735185
1.444735116
1.464735023
1.434735035
1.454735197
1.384735220
1.444735208
1.404735104
1.490000000
1.464735266
1.474735313
1.444735347
1.384735243